	-30      243.15     -22.0
	-28      245.15     -18.4
	-26      247.15     -14.8
	-24      249.15     -11.2
	-22      251.15      -7.6
	-20      253.15      -4.0
	-18      255.15      -0.4
	-16      257.15       3.2
	-14      259.15       6.8
	-12      261.15      10.4
	-10      263.15      14.0
	 -8      265.15      17.6
	 -6      267.15      21.2
	 -4      269.15      24.8
	 -2      271.15      28.4
	  0      273.15      32.0
	  2      275.15      35.6
	  4      277.15      39.2
	  6      279.15      42.8
	  8      281.15      46.4
	 10      283.15      50.0
	 12      285.15      53.6
	 14      287.15      57.2
	 16      289.15      60.8
	 18      291.15      64.4
	 20      293.15      68.0
	 22      295.15      71.6
	 24      297.15      75.2
	 26      299.15      78.8
	 28      301.15      82.4
	 30      303.15      86.0
	 32      305.15      89.6
	 34      307.15      93.2
	 36      309.15      96.8
	 38      311.15     100.4
	 40      313.15     104.0
